Type,AmbientR,AmbientG,AmbientB,DiffuseR,DiffuseG,DiffuseB,SpecularR,SpecularG,SpecularB,SpecularA,PosX,PosY,PosZ,ToneCurveBegin,ToneCurveEnd,ToneCurveBlendRate,ÉRÉÅÉìÉg
PARALLEL,0.2,0.1,0.2,0.8,0.1,0.6,2,1.1,1.8,1,1,1,0,0.35,0.45,1,0
PARALLEL,0.2,0.1,0.2,0.8,0.1,0.6,2,1.1,1.8,1,42.860001,40.899998,-200,0.35,0.45,1,1
PARALLEL,0.2,0.1,0.2,0.8,0.1,0.6,2,1.1,1.8,1,100,40.899998,-200,0.35,0.45,1,2
PARALLEL,0.2,0.1,0.2,0.8,0.1,0.6,2,1.1,1.8,1,-4.74,17.1,-200,0.35,0.45,1,3
PARALLEL,0.2,0.1,0.2,0.8,0.1,0.6,2,1.1,1.8,1,,,,0.35,0.45,1,4
PARALLEL,0.2,0.1,0.2,0.8,0.1,0.6,2,1.1,1.8,1,,,,0.35,0.45,1,5
PARALLEL,0.2,0.1,0.2,0.8,0.1,0.6,2,1.1,1.8,1,,,,0.35,0.45,1,6
PARALLEL,0.2,0.1,0.2,0.8,0.1,0.6,2,1.1,1.8,1,,,,0.35,0.45,1,7
PARALLEL,0.2,0.1,0.2,0.8,0.1,0.6,2,1.1,1.8,1,61.919998,17.1,-200,0.35,0.45,1,8
PARALLEL,0.5,0.1,0.3,1.4,0.55,0.8,2,1.1,1.8,1,23.799999,2.8,114.279999,0.35,0.45,0.6,9
PARALLEL,0.5,0.1,0.3,1.4,0.55,0.8,2,1.1,1.8,1,200,36.139999,114.279999,0.35,0.45,0.6,10
PARALLEL,0.5,0.1,0.3,1.4,0.55,0.8,2,1.1,1.8,1,,,,0.35,0.45,0.6,11
PARALLEL,0.5,0.1,0.3,1.4,0.55,0.8,2,1.1,1.8,1,200,45.66,200,0.35,0.45,0.6,12
PARALLEL,0.5,0.1,0.3,1.4,0.55,0.8,2,1.1,1.8,1,138,45.66,200,0.35,0.45,0.6,13
PARALLEL,0.5,0.1,0.3,1.4,0.55,0.8,2,1.1,1.8,1,138,45.66,200,0.35,0.45,0.6,14
PARALLEL,0.5,0.1,0.3,1.4,0.55,0.8,2,1.1,1.8,1,109.519997,45.66,154.87999,0.35,0.45,0.6,15
PARALLEL,0.5,0.1,0.3,1.4,0.55,0.8,2,1.1,1.8,1,100,36.139999,114.279999,0.35,0.45,0.6,16
PARALLEL,0.5,0.1,0.3,1.4,0.55,0.8,2,1.1,1.8,1,,,,0.35,0.45,0.6,17
PARALLEL,0.5,0.1,0.3,1.4,0.55,0.8,2,1.1,1.8,1,200,45.66,-7.02,0.35,0.45,0.6,18
PARALLEL,0.5,0.1,0.3,1.4,0.55,0.8,2,1.1,1.8,1,200,45.66,200,0.35,0.45,0.6,19
PARALLEL,0.5,0.1,0.3,1.4,0.55,0.8,2,1.1,1.8,1,,,,0.35,0.45,0.6,20
PARALLEL,0.5,0.1,0.3,1.4,0.55,0.8,2,1.1,1.8,1,200,45.66,114.279999,0.35,0.45,0.6,21
PARALLEL,0.5,0.1,0.3,1.4,0.55,0.8,2,1.1,1.8,1,100,45.66,200,0.35,0.45,0.6,22
PARALLEL,0.5,0.1,0.3,1.4,0.55,0.8,2,1.1,1.8,1,,,,0.35,0.45,0.6,23
PARALLEL,0.5,0.1,0.3,1.5,0.65,0.9,2,1.1,1.8,1,200,45.66,161.899994,0.35,0.45,0.6,24
PARALLEL,0.5,0.1,0.3,1.5,0.65,0.9,2,1.1,1.8,1,200,45.66,161.899994,0.35,0.45,0.6,25
PARALLEL,0.5,0.1,0.3,1.5,0.65,0.9,2,1.1,1.8,1,,,,0.35,0.45,0.6,26
PARALLEL,0.5,0.1,0.3,1.5,0.65,0.9,2,1.1,1.8,1,,,,0.35,0.45,0.6,27
PARALLEL,0.5,0.1,0.3,1.5,0.65,0.9,2,1.1,1.8,1,,,,0.35,0.45,0.6,28
PARALLEL,0.5,0.1,0.3,1.5,0.65,0.9,2,1.1,1.8,1,200,45.66,-28.58,0.35,0.45,0.6,29
PARALLEL,0.5,0.1,0.3,1.5,0.65,0.9,2,1.1,1.8,1,200,45.66,200,0.35,0.45,0.6,30
PARALLEL,0.5,0.1,0.3,1.5,0.65,0.9,2,1.1,1.8,1,200,45.66,133.339996,0.35,0.45,0.6,31
PARALLEL,0.5,0.1,0.3,1.5,0.65,0.9,2,1.1,1.8,1,47.619999,45.66,200,0.35,0.45,0.6,32
PARALLEL,0.5,0.1,0.3,1.5,0.65,0.9,2,1.1,1.8,1,200,45.66,66.68,0.35,0.45,0.6,33
PARALLEL,0.5,0.1,0.3,1.5,0.65,0.9,2,1.1,1.8,1,200,45.66,160,0.35,0.45,0.6,34
PARALLEL,0.5,0.1,0.3,1.5,0.65,0.9,2,1.1,1.8,1,,,,0.35,0.45,0.6,35
PARALLEL,0.5,0.1,0.3,1.5,0.65,0.9,2,1.1,1.8,1,,,,0.35,0.45,0.6,36
PARALLEL,0.5,0.1,0.3,1.5,0.65,0.9,2,1.1,1.8,1,104.759995,45.66,160,0.35,0.45,0.6,37
PARALLEL,0.5,0.1,0.3,1.5,0.65,0.9,2,1.1,1.8,1,,,,0.35,0.45,0.6,38
PARALLEL,0.5,0.1,0.3,1.5,0.65,0.9,2,1.1,1.8,1,200,45.66,160,0.35,0.45,0.6,39
PARALLEL,0.5,0.1,0.3,1.5,0.65,0.9,2,1.1,1.8,1,,,,0.35,0.45,0.6,40
PARALLEL,0.5,0.1,0.3,1.5,0.65,0.9,2,1.1,1.8,1,85.720001,45.66,200,0.35,0.45,0.6,41
PARALLEL,0.5,0.1,0.3,1.5,0.65,0.9,2,1.1,1.8,1,200,45.66,160,0.35,0.45,0.6,42
PARALLEL,0.5,0.1,0.3,1.5,0.65,0.9,2,1.1,1.8,1,,,,0.35,0.45,0.6,43
PARALLEL,0.5,0.1,0.3,1.5,0.65,0.9,2,1.1,1.8,1,,,,0.35,0.45,0.6,44
PARALLEL,0.5,0.1,0.3,1.5,0.65,0.9,2,1.1,1.8,1,,,,0.35,0.45,0.6,45
PARALLEL,0.5,0.1,0.3,1.5,0.65,0.9,2,1.1,1.8,1,,,,0.35,0.45,0.6,46
PARALLEL,0.5,0.1,0.3,1.5,0.65,0.9,2,1.1,1.8,1,,,,0.35,0.45,0.6,47
PARALLEL,0.5,0.1,0.3,1.5,0.65,0.9,2,1.1,1.8,1,,,,0.35,0.45,0.6,48
PARALLEL,0.5,0.1,0.3,1.5,0.65,0.9,2,1.1,1.8,1,,,,0.35,0.45,0.6,49
PARALLEL,0.5,0.1,0.3,1.5,0.65,0.9,2,1.1,1.8,1,,,,0.35,0.45,0.6,50
PARALLEL,0.5,0.1,0.3,1.5,0.65,0.9,2,1.1,1.8,1,104.759995,45.66,160,0.35,0.45,0.6,51
PARALLEL,0.5,0.1,0.3,1.5,0.65,0.9,2,1.1,1.8,1,200,45.66,-104.759995,0.35,0.45,0.6,52
PARALLEL,0.5,0.1,0.3,1.5,0.65,0.9,2,1.1,1.8,1,200,45.66,160,0.35,0.45,0.6,53
PARALLEL,0.5,0.1,0.3,1.5,0.65,0.9,2,1.1,1.8,1,,,,0.35,0.45,0.6,54
PARALLEL,0.5,0.1,0.3,1.5,0.65,0.9,2,1.1,1.8,1,33.34,45.66,200,0.35,0.45,0.6,55
PARALLEL,0.5,0.1,0.3,1.5,0.65,0.9,2,1.1,1.8,1,200,45.66,160,0.35,0.45,0.6,56
PARALLEL,0.5,0.1,0.3,1.5,0.65,0.9,2,1.1,1.8,1,-100,45.66,200,0.35,0.45,0.6,57
PARALLEL,0.5,0.1,0.3,1.5,0.65,0.9,2,1.1,1.8,1,200,45.66,-28.58,0.35,0.45,0.6,58
PARALLEL,0.5,0.1,0.3,1.5,0.65,0.9,2,1.1,1.8,1,200,45.66,160,0.35,0.45,0.6,59
PARALLEL,0.5,0.1,0.3,1.5,0.65,0.9,2,1.1,1.8,1,,,,0.35,0.45,0.6,60
PARALLEL,0.5,0.1,0.3,1.5,0.65,0.9,2,1.1,1.8,1,,,,0.35,0.45,0.6,61
PARALLEL,0.5,0.1,0.3,1.5,0.65,0.9,2,1.1,1.8,1,85.720001,45.66,160,0.35,0.45,0.6,62
PARALLEL,0.5,0.1,0.3,1.5,0.65,0.9,2,1.1,1.8,1,200,45.66,160,0.35,0.45,0.6,63
PARALLEL,0.5,0.1,0.3,1.5,0.65,0.9,2,1.1,1.8,1,,,,0.35,0.45,0.6,64
PARALLEL,0.5,0.1,0.3,1.5,0.65,0.9,2,1.1,1.8,1,,,,0.35,0.45,0.6,65
PARALLEL,0.5,0.1,0.3,1.5,0.65,0.9,2,1.1,1.8,1,,,,0.35,0.45,0.6,66
PARALLEL,0.5,0.1,0.3,1.5,0.65,0.9,2,1.1,1.8,1,,,,0.35,0.45,0.6,67
PARALLEL,0.5,0.1,0.3,1.5,0.65,0.9,2,1.1,1.8,1,28.58,45.66,200,0.35,0.45,0.6,68
PARALLEL,0.5,0.1,0.3,1.5,0.65,0.9,2,1.1,1.8,1,200,45.66,160,0.35,0.45,0.6,69
PARALLEL,0.5,0.1,0.3,1.5,0.65,0.9,2,1.1,1.8,1,,,,0.35,0.45,0.6,70
PARALLEL,0.5,0.1,0.3,1.5,0.65,0.9,2,1.1,1.8,1,,,,0.35,0.45,0.6,71
PARALLEL,0.5,0.1,0.3,1.5,0.65,0.9,2,1.1,1.8,1,,,,0.35,0.45,0.6,72
PARALLEL,0.5,0.1,0.3,1.5,0.65,0.9,2,1.1,1.8,1,,,,0.35,0.45,0.6,73
PARALLEL,0.5,0.1,0.3,1.5,0.65,0.9,2,1.1,1.8,1,,,,0.35,0.45,0.6,74
PARALLEL,0.5,0.1,0.3,1.5,0.65,0.9,2,1.1,1.8,1,,,,0.35,0.45,0.6,75
PARALLEL,0.5,0.1,0.3,1.5,0.65,0.9,2,1.1,1.8,1,,,,0.35,0.45,0.6,76
PARALLEL,0.5,0.1,0.3,1.5,0.65,0.9,2,1.1,1.8,1,,,,0.35,0.45,0.6,77
PARALLEL,0.5,0.1,0.3,1.5,0.65,0.9,2,1.1,1.8,1,,,,0.35,0.45,0.6,78
PARALLEL,0.5,0.1,0.3,1.5,0.65,0.9,2,1.1,1.8,1,,,,0.35,0.45,0.6,79
PARALLEL,0.5,0.1,0.3,1.5,0.65,0.9,2,1.1,1.8,1,,,,0.35,0.45,0.6,80
PARALLEL,0.5,0.1,0.3,1.5,0.65,0.9,2,1.1,1.8,1,,,,0.35,0.45,0.6,81
PARALLEL,0.5,0.1,0.3,1.5,0.65,0.9,2,1.1,1.8,1,114.279999,45.66,160,0.35,0.45,0.6,82
PARALLEL,0.5,0.1,0.3,1.5,0.65,0.9,2,1.1,1.8,1,114.279999,45.66,160,0.35,0.45,0.6,83
PARALLEL,0.5,0.1,0.3,1.5,0.65,0.9,2,1.1,1.8,1,,,,0.35,0.45,0.6,84
PARALLEL,0.5,0.1,0.3,1.5,0.65,0.9,2,1.1,1.8,1,200,45.66,200,0.35,0.45,0.6,85
PARALLEL,0.5,0.1,0.3,1.5,0.65,0.9,2,1.1,1.8,1,,,,0.35,0.45,0.6,86
PARALLEL,0.5,0.1,0.3,1.5,0.65,0.9,2,1.1,1.8,1,,,,0.35,0.45,0.6,87
PARALLEL,0.5,0.1,0.3,1.5,0.65,0.9,2,1.1,1.8,1,,,,0.35,0.45,0.6,88
PARALLEL,0.5,0.1,0.3,1.5,0.65,0.9,2,1.1,1.8,1,,,,0.35,0.45,0.6,89
PARALLEL,0.5,0.1,0.3,1.5,0.65,0.9,2,1.1,1.8,1,200,45.66,160,0.35,0.45,0.6,90
PARALLEL,0.5,0.1,0.3,1.5,0.65,0.9,2,1.1,1.8,1,,,,0.35,0.45,0.6,91
PARALLEL,0.5,0.1,0.3,1.5,0.65,0.9,2,1.1,1.8,1,,,,0.35,0.45,0.6,92
PARALLEL,0.5,0.1,0.3,1.5,0.65,0.9,2,1.1,1.8,1,,,,0.35,0.45,0.6,93
PARALLEL,0.5,0.1,0.3,1.5,0.65,0.9,2,1.1,1.8,1,-66.659996,45.66,160,0.35,0.45,0.6,94
PARALLEL,0.5,0.1,0.3,1.5,0.65,0.9,2,1.1,1.8,1,100,45.66,200,0.35,0.45,0.6,95
PARALLEL,0.5,0.1,0.3,1.5,0.65,0.9,2,1.1,1.8,1,200,45.66,200,0.35,0.45,0.6,96
PARALLEL,0.5,0.1,0.3,1.5,0.65,0.9,2,1.1,1.8,1,200,45.66,160,0.35,0.45,0.6,97
PARALLEL,0.5,0.1,0.3,1.5,0.65,0.9,2,1.1,1.8,1,,,,0.35,0.45,0.6,98
PARALLEL,0.5,0.1,0.3,1.5,0.65,0.9,2,1.1,1.8,1,,,,0.35,0.45,0.6,99
PARALLEL,0.5,0.1,0.3,1.5,0.65,0.9,2,1.1,1.8,1,,,,0.35,0.45,0.6,100
PARALLEL,0.5,0.1,0.3,1.5,0.65,0.9,2,1.1,1.8,1,,,,0.35,0.45,0.6,101
PARALLEL,0.5,0.1,0.3,1.5,0.65,0.9,2,1.1,1.8,1,,,,0.35,0.45,0.6,102
PARALLEL,0.5,0.1,0.3,1.5,0.65,0.9,2,1.1,1.8,1,,,,0.35,0.45,0.6,103
PARALLEL,0.5,0.1,0.3,1.5,0.65,0.9,2,1.1,1.8,1,42.860001,45.66,160,0.35,0.45,0.6,104
PARALLEL,0.5,0.1,0.3,1.5,0.65,0.9,2,1.1,1.8,1,200,45.66,160,0.35,0.45,0.6,105
PARALLEL,0.5,0.1,0.3,1.5,0.65,0.9,2,1.1,1.8,1,,,,0.35,0.45,0.6,106
PARALLEL,0.5,0.1,0.3,1.5,0.65,0.9,2,1.1,1.8,1,,,,0.35,0.45,0.6,107
PARALLEL,0.5,0.1,0.3,1.5,0.65,0.9,2,1.1,1.8,1,,,,0.35,0.45,0.6,108
PARALLEL,0.5,0.1,0.3,1.5,0.65,0.9,2,1.1,1.8,1,,,,0.35,0.45,0.6,109
PARALLEL,0.5,0.1,0.3,1.5,0.65,0.9,2,1.1,1.8,1,,,,0.35,0.45,0.6,110
PARALLEL,0.5,0.1,0.3,1.5,0.65,0.9,2,1.1,1.8,1,200,45.66,160,0.35,0.45,0.6,111
PARALLEL,,,,,,,2,1.1,1.8,1,,,,0.35,0.45,1,112
PARALLEL,0.4,0.15,0.35,1,0.55,0.9,2,1.1,1.8,1,114.279999,200,-200,0.35,0.45,1,113
PARALLEL,0.4,0.15,0.35,1,0.55,0.9,2,1.1,1.8,1,,,,0.35,0.45,1,114
PARALLEL,0.4,0.15,0.35,1,0.55,0.9,2,1.1,1.8,1,,,,0.35,0.45,1,115
PARALLEL,0.4,0.15,0.35,1,0.55,0.9,2,1.1,1.8,1,-119.040001,200,-57.139999,0.35,0.45,1,116
PARALLEL,0.4,0.15,0.35,1,0.55,0.9,2,1.1,1.8,1,200,200,160,0.35,0.45,1,117
PARALLEL,0.4,0.15,0.35,1,0.55,0.9,2,1.1,1.8,1,200,200,30,0.35,0.45,1,118
PARALLEL,0.4,0.15,0.35,1,0.55,0.9,2,1.1,1.8,1,200,142.860001,-63.82,0.35,0.45,1,119
PARALLEL,0.5,0.1,0.3,1.5,0.65,0.9,2,1.1,1.8,1,-62,45.66,160,0.35,0.45,0.6,120
PARALLEL,0.5,0.1,0.3,1.5,0.65,0.9,2,1.1,1.8,1,100,45.66,200,0.35,0.45,0.6,121
PARALLEL,0.5,0.1,0.3,1.5,0.65,0.9,2,1.1,1.8,1,-200,45.66,-9.52,0.35,0.45,0.6,122
PARALLEL,0.5,0.1,0.3,1.5,0.65,0.9,2,1.1,1.8,1,200,45.66,160,0.35,0.45,0.6,123
PARALLEL,0.5,0.1,0.3,1.5,0.65,0.9,2,1.1,1.8,1,,,,0.35,0.45,0.6,124
PARALLEL,0.5,0.1,0.3,1.5,0.65,0.9,2,1.1,1.8,1,,,,0.35,0.45,0.6,125
PARALLEL,0.5,0.1,0.3,1.5,0.65,0.9,2,1.1,1.8,1,,,,0.35,0.45,0.6,126
PARALLEL,0.5,0.1,0.3,1.5,0.65,0.9,2,1.1,1.8,1,,,,0.35,0.45,0.6,127
PARALLEL,0.5,0.1,0.3,1.5,0.65,0.9,2,1.1,1.8,1,200,45.66,41,0.35,0.45,0.6,128
PARALLEL,0.5,0.1,0.3,1.5,0.65,0.9,2,1.1,1.8,1,200,45.66,-25,0.35,0.45,0.6,129
PARALLEL,0.5,0.1,0.3,1.5,0.65,0.9,2,1.1,1.8,1,200,45.66,160,0.35,0.45,0.6,130
PARALLEL,0.5,0.1,0.3,1.5,0.65,0.9,2,1.1,1.8,1,,,,0.35,0.45,0.6,131
PARALLEL,0.5,0.1,0.3,1.5,0.65,0.9,2,1.1,1.8,1,,,,0.35,0.45,0.6,132
PARALLEL,0.5,0.1,0.3,1.5,0.65,0.9,2,1.1,1.8,1,,,,0.35,0.45,0.6,133
PARALLEL,0.5,0.1,0.3,1.5,0.65,0.9,2,1.1,1.8,1,200,45.66,41,0.35,0.45,0.6,134
PARALLEL,0.5,0.1,0.3,1.5,0.65,0.9,2,1.1,1.8,1,50,45.66,200,0.35,0.45,0.6,135
PARALLEL,0.5,0.1,0.3,1.5,0.65,0.9,2,1.1,1.8,1,200,45.66,41,0.35,0.45,0.6,136
PARALLEL,0.5,0.1,0.3,1.5,0.65,0.9,2,1.1,1.8,1,,,,0.35,0.45,0.6,137
PARALLEL,0.5,0.1,0.3,1.5,0.65,0.9,2,1.1,1.8,1,200,45.66,160,0.35,0.45,0.6,138
PARALLEL,0.5,0.1,0.3,1.5,0.65,0.9,2,1.1,1.8,1,,,,0.35,0.45,0.6,139
PARALLEL,0.5,0.1,0.3,1.5,0.65,0.9,2,1.1,1.8,1,,,,0.35,0.45,0.6,140
PARALLEL,0.5,0.1,0.3,1.5,0.65,0.9,2,1.1,1.8,1,,,,0.35,0.45,0.6,141
PARALLEL,0.5,0.1,0.3,1.5,0.65,0.9,2,1.1,1.8,1,,,,0.35,0.45,0.6,142
PARALLEL,0.5,0.1,0.3,1.5,0.65,0.9,2,1.1,1.8,1,-200,45.66,200,0.35,0.45,0.6,143
PARALLEL,0.5,0.1,0.3,1.5,0.65,0.9,2,1.1,1.8,1,200,45.66,160,0.35,0.45,0.6,144
PARALLEL,0.5,0.1,0.3,1.5,0.65,0.9,2,1.1,1.8,1,,,,0.35,0.45,0.6,145
PARALLEL,0.5,0.1,0.3,1.5,0.65,0.9,2,1.1,1.8,1,,,,0.35,0.45,0.6,146
PARALLEL,0.5,0.1,0.3,1.5,0.65,0.9,2,1.1,1.8,1,,,,0.35,0.45,0.6,147
PARALLEL,0.5,0.1,0.3,1.5,0.65,0.9,2,1.1,1.8,1,,,,0.35,0.45,0.6,148
PARALLEL,0.5,0.1,0.3,1.5,0.65,0.9,2,1.1,1.8,1,,,,0.35,0.45,0.6,149
PARALLEL,0.5,0.1,0.3,1.5,0.65,0.9,2,1.1,1.8,1,,,,0.35,0.45,0.6,150
PARALLEL,0.5,0.1,0.3,1.5,0.65,0.9,2,1.1,1.8,1,-200,45.66,200,0.35,0.45,0.6,151
PARALLEL,0.5,0.1,0.3,1.5,0.65,0.9,2,1.1,1.8,1,,,,0.35,0.45,0.6,152
PARALLEL,0.5,0.1,0.3,1.5,0.65,0.9,2,1.1,1.8,1,200,45.66,160,0.35,0.45,0.6,153
PARALLEL,0.5,0.1,0.3,1.5,0.65,0.9,2,1.1,1.8,1,,,,0.35,0.45,0.6,154
PARALLEL,0.5,0.1,0.3,1.5,0.65,0.9,2,1.1,1.8,1,,,,0.35,0.45,0.6,155
PARALLEL,0.5,0.1,0.3,1.4,0.55,0.8,2,1.1,1.8,1,200,45.66,160,0.35,0.45,0.6,156
PARALLEL,0.5,0.1,0.3,1.4,0.55,0.8,2,1.1,1.8,1,,,,0.35,0.45,0.6,157
PARALLEL,0.5,0.1,0.3,1.4,0.55,0.8,2,1.1,1.8,1,200,45.66,117,0.35,0.45,0.6,158
PARALLEL,0.5,0.1,0.3,1.4,0.55,0.8,2,1.1,1.8,1,200,45.66,160,0.35,0.45,0.6,159
PARALLEL,0.5,0.1,0.3,1.4,0.55,0.8,2,1.1,1.8,1,,,,0.35,0.45,0.6,160
PARALLEL,0.5,0.1,0.3,1.4,0.55,0.8,2,1.1,1.8,1,,,,0.35,0.45,0.6,161
PARALLEL,0.5,0.1,0.3,1.4,0.55,0.8,2,1.1,1.8,1,,,,0.35,0.45,0.6,162
PARALLEL,0.5,0.1,0.3,1.4,0.55,0.8,2,1.1,1.8,1,,,,0.35,0.45,0.6,163
PARALLEL,0.5,0.1,0.3,1.4,0.55,0.8,2,1.1,1.8,1,,,,0.35,0.45,0.6,164
