group_start 0
id_start 0
type 1
ambient 0.000000 0.000000 0.000000 1.00000
diffuse 1.00000 1.00000 1.00000 1.00000
specular 1.00000 1.00000 1.00000 1.00000
position -0.410129 0.361297 0.837412 0.000000
id_end 0
id_start 1
type 1
ambient 0.000000 0.000000 0.000000 1.00000
diffuse 1.00000 1.00000 1.00000 1.00000
specular 1.00000 1.00000 1.00000 1.00000
position -0.229146 0.385384 -0.893852 0.000000
id_end 1
id_start 2
type 1
ambient 0.000000 0.000000 0.000000 1.00000
diffuse 0.000000 0.000000 0.000000 0.000000
specular 0.000000 0.000000 0.000000 1.00000
position -1.77224 3.28817 -1.67128 0.000000
id_end 2
id_start 3
type 0
ambient 0.000000 0.000000 0.000000 1.00000
diffuse 0.000000 0.000000 0.000000 1.00000
specular 0.000000 0.000000 0.000000 1.00000
position 0.000000 1.00000 0.000000 0.000000
clipplane 1 1 1 1
id_end 3
id_start 4
type 1
ambient 0.700000 0.700000 0.700000 1.00000
diffuse 0.000000 0.000000 0.000000 0.000000
specular 0.000000 0.000000 0.000000 0.000000
position 0.000000 0.000000 1.00000 0.000000
id_end 4
id_start 5
type 1
ambient 0.000000 0.000000 0.000000 1.00000
diffuse 0.000000 0.000000 0.000000 0.000000
specular 0.000000 0.000000 0.000000 0.000000
position 0.000000 0.000000 1.00000 0.000000
id_end 5
id_start 6
type 1
ambient 0.000000 0.000000 0.000000 1.00000
diffuse 1.00000 1.00000 1.00000 0.000000
specular 0.000000 0.000000 0.000000 0.000000
position -0.229146 0.385384 -0.893852 0.000000
tonecurve 0.300000 1.00000 0.000000
id_end 6
id_start 7
type 0
ambient 0.000000 0.000000 0.000000 1.00000
diffuse 0.000000 0.000000 0.000000 0.000000
specular 0.000000 0.000000 0.000000 0.000000
position 0.000000 0.000000 1.00000 0.000000
id_end 7
group_end 0
EOF
