group_start 0
id_start 0
type 1
ambient 0.000000 0.000000 0.000000 1.00000
diffuse 1.00000 1.00000 0.90000 1.00000
specular 1.00000 1.00000 0.90000 1.00000
position 0.237213 0.474431 0.847730 0.000000
id_end 0
id_start 1
type 1
ambient 0.000000 0.000000 0.000000 1.00000
diffuse 0.400000 0.400000 0.400000 1.00000
specular 1.20000 1.20000 1.20000 1.20000
position -0.283878 0.480000 0.826784 0.000000
id_end 1
id_start 2
type 0
ambient 0.000000 0.000000 0.000000 1.00000
diffuse 0.000000 0.000000 0.000000 1.00000
specular 0.000000 0.000000 0.000000 1.00000
position 0.000000 1.00000 0.000000 0.000000
id_end 2
id_start 3
type 3
ambient 1.10000 1.10000 1.10000 1.00000
diffuse 1.10000 1.10000 1.10000 1.00000
specular 2.00000 2.00000 2.00000 1.00000
position 0.000000 1.00000 -4.06000 0.000000
spot_direction 0.000000 -0.000000 1.00000
spot_exponent 0.000000
spot_cutoff 64.0000
attenuation 1.00000 0.000000 0.000000
clipplane 1 1 1 1
id_end 3
id_start 4
type 0
ambient 0.000000 0.000000 0.000000 1.00000
diffuse 0.000000 0.000000 0.000000 0.000000
specular 0.000000 0.000000 0.000000 0.000000
position 0.000000 0.000000 1.00000 0.000000
id_end 4
id_start 5
type 0
ambient 0.000000 0.000000 0.000000 1.00000
diffuse 0.0786939 0.0600000 1.00000 1.00000
specular 0.000000 0.000000 0.000000 0.000000
position 0.000000 0.000000 1.00000 0.000000
id_end 5
id_start 6
type 0
ambient 0.000000 0.000000 0.000000 1.00000
diffuse 0.000000 0.000000 0.000000 0.000000
specular 0.000000 0.000000 0.000000 0.000000
position 0.000000 0.000000 1.00000 0.000000
tonecurve 0.000000 0.000000 0.000000
id_end 6
id_start 7
type 0
ambient 0.000000 0.000000 0.000000 1.00000
diffuse 0.000000 0.000000 0.000000 0.000000
specular 0.000000 0.000000 0.000000 0.000000
position 0.000000 0.000000 1.00000 0.000000
id_end 7
group_end 0
EOF
