group_start 0
id_start 0
type 1
ambient 0.000000 0.000000 0.000000 1.00000
diffuse 1.00000 1.00000 1.00000 1.00000
specular 1.00000 1.00000 1.00000 1.00000
position -0.355557 0.589766 0.725089 0.000000
id_end 0
id_start 1
type 1
ambient 0.000000 0.000000 0.000000 1.00000
diffuse 1.00000 1.00000 1.00000 1.00000
specular 1.00000 1.00000 1.00000 1.00000
position -0.374360 0.525880 0.763744 0.000000
id_end 1
id_start 2
type 1
ambient 0.000000 0.000000 0.000000 1.00000
diffuse 0.0700000 0.0700000 0.0700000 0.000000
specular 0.000000 0.000000 0.000000 1.00000
position -74.8000 81.3000 161.100 0.000000
id_end 2
id_start 3
type 0
ambient 0.000000 0.000000 0.000000 1.00000
diffuse 0.000000 0.000000 0.000000 1.00000
specular 0.000000 0.000000 0.000000 1.00000
position 0.000000 1.00000 0.000000 0.000000
id_end 3
id_start 4
type 0
ambient 0.000000 0.000000 0.000000 1.00000
diffuse 0.000000 0.000000 0.000000 0.000000
specular 0.000000 0.000000 0.000000 0.000000
position 0.000000 0.000000 1.00000 0.000000
id_end 4
id_start 5
type 0
ambient 0.000000 0.000000 0.000000 1.00000
diffuse 0.950403 1.00000 1.00000 0.950403
specular 0.000000 0.000000 0.000000 0.000000
position 0.0533921 1.35100 0.336230 0.000000
id_end 5
id_start 6
type 0
ambient 0.000000 0.000000 0.000000 1.00000
diffuse 0.000000 0.000000 0.000000 0.000000
specular 0.000000 0.000000 0.000000 0.000000
position 0.000000 0.000000 1.00000 0.000000
id_end 6
id_start 7
type 2
ambient 0.000000 0.000000 0.000000 1.00000
diffuse 0.000000 0.000000 0.000000 0.000000
specular 0.000000 0.000000 0.000000 0.000000
position 0.000000 0.000000 1.00000 0.000000
id_end 7
group_end 0
EOF
