group_start 0
id_start 0
type 1
ambient 0.000000 0.000000 0.000000 1.00000
diffuse 0.340000 0.340000 0.340000 1.00000
specular 0.470000 0.470000 0.470000 1.00000
position -0.388860 0.486579 0.782323 0.000000
id_end 0
id_start 1
type 1
ambient 0.000000 0.000000 0.000000 1.00000
diffuse 1.00000 1.00000 1.00000 1.00000
specular 1.00000 1.00000 1.00000 1.00000
position -0.184627 0.616402 0.765482 0.000000
id_end 1
id_start 2
type 0
ambient 0.000000 0.000000 0.000000 1.00000
diffuse 0.000000 0.000000 0.000000 1.00000
specular 0.000000 0.000000 0.000000 1.00000
position 0.000000 1.00000 0.000000 0.000000
id_end 2
id_start 3
type 0
ambient 0.000000 0.000000 0.000000 1.00000
diffuse 0.000000 0.000000 0.000000 1.00000
specular 0.000000 0.000000 0.000000 1.00000
position 0.000000 1.00000 0.000000 0.000000
clipplane 1 1 1 1
id_end 3
id_start 4
type 0
ambient 0.000000 0.000000 0.000000 1.00000
diffuse 0.000000 0.000000 0.000000 0.000000
specular 0.000000 0.000000 0.000000 0.000000
position 0.000000 0.000000 1.00000 0.000000
id_end 4
id_start 5
type 0
ambient 0.000000 0.000000 0.000000 1.00000
diffuse 0.0786939 0.0600000 1.00000 1.00000
specular 0.000000 0.000000 0.000000 0.000000
position 0.000000 0.000000 1.00000 0.000000
id_end 5
id_start 6
type 0
ambient 0.000000 0.000000 0.000000 1.00000
diffuse 0.000000 0.000000 0.000000 0.000000
specular 0.000000 0.000000 0.000000 0.000000
position 0.000000 0.000000 1.00000 0.000000
tonecurve 0.300000 0.680000 0.430000
id_end 6
id_start 7
type 0
ambient 0.000000 0.000000 0.000000 1.00000
diffuse 0.000000 0.000000 0.000000 0.000000
specular 0.000000 0.000000 0.000000 0.000000
position 0.000000 0.000000 1.00000 0.000000
id_end 7
group_end 0
EOF
