group_start 0
id_start 0
type 1
ambient 0.000000 0.000000 0.000000 1.00000
diffuse 1.50000 1.30000 1.30000 1.00000
specular 1.10000 1.10000 1.20000 1.00000
position -0.498450 0.543064 0.675744 0.000000
id_end 0
id_start 1
type 1
ambient 0.000000 0.000000 0.000000 1.00000
diffuse 1.00000 1.00000 1.00000 1.00000
specular 1.00000 1.00000 1.00000 1.00000
position -0.341443 0.664619 0.664604 0.000000
id_end 1
id_start 2
type 1
ambient 0.000000 0.000000 0.000000 1.00000
diffuse 0.500000 0.500000 0.500000 0.000000
specular 0.000000 0.000000 0.000000 1.00000
position -44.5200 25.4800 63.0600 0.000000
id_end 2
id_start 3
type 0
ambient 0.000000 0.000000 0.000000 1.00000
diffuse 0.000000 0.000000 0.000000 1.00000
specular 0.000000 0.000000 0.000000 1.00000
position 0.000000 1.00000 0.000000 0.000000
id_end 3
id_start 4
type 1
ambient 0.200000 0.170000 0.150000 1.00000
diffuse 0.000000 0.000000 0.000000 0.000000
specular 0.000000 0.000000 0.000000 0.000000
position 0.000000 0.000000 1.00000 0.000000
id_end 4
id_start 5
type 0
ambient 0.000000 0.000000 0.000000 1.00000
diffuse 0.155374 0.180000 1.00000 1.00000
specular 0.000000 0.000000 0.000000 0.000000
position 0.0837871 1.35100 0.330647 0.000000
spot_direction -0.218053 0.148339 -0.964596
spot_exponent 1.00000
spot_cutoff 45.0000
attenuation 1.00000 0.000000 0.000000
id_end 5
id_start 6
type 0
ambient 0.000000 0.000000 0.000000 1.00000
diffuse 0.000000 0.000000 0.000000 0.000000
specular 0.000000 0.000000 0.000000 0.000000
position 0.000000 0.000000 1.00000 0.000000
id_end 6
id_start 7
type 0
ambient 0.000000 0.000000 0.000000 1.00000
diffuse 0.000000 0.000000 0.000000 0.000000
specular 0.000000 0.000000 0.000000 0.000000
position 0.000000 0.000000 1.00000 0.000000
id_end 7
group_end 0
EOF
