Type,AmbientR,AmbientG,AmbientB,DiffuseR,DiffuseG,DiffuseB,SpecularR,SpecularG,SpecularB,SpecularA,PosX,PosY,PosZ,ToneCurveBegin,ToneCurveEnd,ToneCurveBlendRate,ÉRÉÅÉìÉg
PARALLEL,0.38,0.65,1.53,1.08,0.99,1.06,1.2,1,1.2,1,20,20,20,0.35,0.5,0.4,0
PARALLEL,0.38,0.65,1.53,1.08,0.99,1.06,1.2,1,1.2,1,20,20,20,0.35,0.5,0.4,1
PARALLEL,,,,,,,,,,,,,,,,,2
PARALLEL,,,,,,,,,,,,,,,,,3
PARALLEL,,,,,,,,,,,,,,,,,4
PARALLEL,,,,,,,,,,,,,,,,,5
PARALLEL,0.38,0.65,1.53,1.08,0.99,1.06,1.2,1,1.2,1,45,75,30,0.35,0.5,0.4,6
PARALLEL,0.38,0.65,1.53,1.08,0.99,1.06,1.2,1,1.2,1,20,20,20,0.35,0.5,0.4,7
PARALLEL,0.38,0.65,1.53,1.08,0.99,1.06,1.2,1,1.2,1,80,55,20,0.35,0.5,0.4,8
PARALLEL,0.38,0.65,1.53,1.08,0.99,1.06,1.2,1,1.2,1,5,20,20,0.35,0.5,0.4,9
PARALLEL,0.38,0.65,1.53,1.08,0.99,1.06,1.2,1,1.2,1,50,45,20,0.35,0.5,0.4,10
PARALLEL,0.38,0.65,1.53,1.08,0.99,1.06,1.2,1,1.2,1,50,30,20,0.35,0.5,0.4,11
PARALLEL,0.38,0.65,1.53,1.08,0.99,1.06,1.2,1,1.2,1,20,20,20,0.35,0.5,0.4,12
PARALLEL,,,,,,,,,,,,,,,,,13
PARALLEL,,,,,,,,,,,,,,,,,14
PARALLEL,,,,,,,,,,,,,,,,,15
PARALLEL,,,,,,,,,,,,,,,,,16
PARALLEL,,,,,,,,,,,,,,,,,17
PARALLEL,,,,,,,,,,,,,,,,,18
PARALLEL,,,,,,,,,,,,,,,,,19
PARALLEL,0.38,0.65,1.53,1.08,0.99,1.06,1.2,1,1.2,1,20,20,25,0.35,0.5,0.4,20
PARALLEL,0.38,0.65,1.53,1.08,0.99,1.06,1.2,1,1.2,1,50,30,20,0.35,0.5,0.4,21
PARALLEL,0.38,0.65,1.53,1.08,0.99,1.06,1.2,1,1.2,1,35,25,20,0.35,0.5,0.4,22
PARALLEL,0.38,0.65,1.53,1.08,0.99,1.06,1.2,1,1.2,1,20,20,20,0.35,0.5,0.4,23
PARALLEL,0.38,0.65,1.53,1.08,0.99,1.06,1.2,1,1.2,1,20,20,50,0.35,0.5,0.4,24
PARALLEL,0.38,0.65,1.53,1.08,0.99,1.06,1.2,1,1.2,1,60,50,20,0.35,0.5,0.4,25
PARALLEL,0.38,0.65,1.53,1.08,0.99,1.06,1.2,1,1.2,1,20,20,20,0.35,0.5,0.4,26
PARALLEL,0.38,0.65,1.53,1.08,0.99,1.06,1.2,1,1.2,1,45,30,75,0.35,0.5,0.4,27
PARALLEL,0.38,0.65,1.53,1.08,0.99,1.06,1.2,1,1.2,1,20,20,60,0.35,0.5,0.4,28
PARALLEL,0.38,0.65,1.53,1.08,0.99,1.06,1.2,1,1.2,1,40,20,20,0.35,0.5,0.4,29
PARALLEL,0.38,0.65,1.53,1.08,0.99,1.06,1.2,1,1.2,1,30,20,50,0.35,0.5,0.4,30
PARALLEL,0.38,0.65,1.53,1.08,0.99,1.06,1.2,1,1.2,1,20,20,20,0.35,0.5,0.4,31
PARALLEL,,,,,,,,,,,,,,,,,32
PARALLEL,,,,,,,,,,,,,,,,,33
PARALLEL,0.38,0.65,1.53,1.08,0.99,1.06,1.2,1,1.2,1,30,20,50,0.35,0.5,0.4,34
PARALLEL,0.38,0.65,1.53,1.08,0.99,1.06,1.2,1,1.2,1,20,20,20,0.35,0.5,0.4,35
PARALLEL,,,,,,,,,,,,,,,,,36
PARALLEL,,,,,,,,,,,,,,,,,37
PARALLEL,0.38,0.65,1.53,1.08,0.99,1.06,1.2,1,1.2,1,90,45,-20,0.35,0.5,0.4,38
PARALLEL,0.38,0.65,1.53,1.08,0.99,1.06,1.2,1,1.2,1,20,20,20,0.35,0.5,0.4,39
PARALLEL,,,,,,,,,,,,,,,,,40
PARALLEL,,,,,,,,,,,,,,,,,41
PARALLEL,0.38,0.65,1.53,1.08,0.99,1.06,1.2,1,1.2,1,50,20,30,0.35,0.5,0.4,42
PARALLEL,0.38,0.65,1.53,1.08,0.99,1.06,1.2,1,1.2,1,20,20,20,0.35,0.5,0.4,43
PARALLEL,0.38,0.65,1.53,1.08,0.99,1.06,1.2,1,1.2,1,40,20,20,0.35,0.5,0.4,44
PARALLEL,0.38,0.65,1.53,1.08,0.99,1.06,1.2,1,1.2,1,20,20,20,0.35,0.5,0.4,45
PARALLEL,,,,,,,,,,,,,,,,,46
PARALLEL,,,,,,,,,,,,,,,,,47
PARALLEL,,,,,,,,,,,,,,,,,48
PARALLEL,,,,,,,,,,,,,,,,,49
PARALLEL,,,,,,,,,,,,,,,,,50
PARALLEL,,,,,,,,,,,,,,,,,51
PARALLEL,,,,,,,,,,,,,,,,,52
PARALLEL,,,,,,,,,,,,,,,,,53
PARALLEL,0.38,0.65,1.53,1.08,0.99,1.06,1.2,1,1.2,1,50,50,20,0.35,0.5,0.4,54
PARALLEL,0.38,0.65,1.53,1.08,0.99,1.06,1.2,1,1.2,1,20,20,-5,0.35,0.5,0.4,55
PARALLEL,,,,,,,,,,,,,,,,,56
PARALLEL,0.38,0.65,1.53,1.08,0.99,1.06,1.2,1,1.2,1,30,20,20,0.35,0.5,0.4,57
PARALLEL,0.38,0.65,1.53,1.08,0.99,1.06,1.2,1,1.2,1,20,20,20,0.35,0.5,0.4,58
PARALLEL,0.38,0.65,1.53,1.08,0.99,1.06,1.2,1,1.2,1,5,20,70,0.35,0.5,0.4,59
PARALLEL,0.38,0.65,1.53,1.08,0.99,1.06,1.2,1,1.2,1,75,20,-20,0.35,0.5,0.4,60
PARALLEL,0.38,0.65,1.53,1.08,0.99,1.06,1.2,1,1.2,1,20,20,20,0.35,0.5,0.4,61
PARALLEL,0.38,0.65,1.53,1.08,0.99,1.06,1.2,1,1.2,1,20,20,50,0.35,0.5,0.4,62
PARALLEL,0.38,0.65,1.53,1.08,0.99,1.06,1.2,1,1.2,1,20,20,20,0.35,0.5,0.4,63
PARALLEL,,,,,,,,,,,,,,,,,64
PARALLEL,,,,,,,,,,,,,,,,,65
PARALLEL,,,,,,,,,,,,,,,,,66
PARALLEL,0.38,0.65,1.53,1.08,0.99,1.06,1.2,1,1.2,1,10,20,20,0.35,0.5,0.4,67
PARALLEL,0.38,0.65,1.53,1.08,0.99,1.06,1.2,1,1.2,1,20,20,20,0.35,0.5,0.4,68
PARALLEL,,,,,,,,,,,,,,,,,69
PARALLEL,,,,,,,,,,,,,,,,,70
PARALLEL,,,,,,,,,,,,,,,,,71
PARALLEL,,,,,,,,,,,,,,,,,72
PARALLEL,,,,,,,,,,,,,,,,,73
PARALLEL,,,,,,,,,,,,,,,,,74
PARALLEL,,,,,,,,,,,,,,,,,75
PARALLEL,0.38,0.65,1.53,1.08,0.99,1.06,1.2,1,1.2,1,20,20,20,0.35,0.5,0.4,76
PARALLEL,,,,,,,,,,,,,,,,,77
PARALLEL,,,,,,,,,,,,,,,,,78
PARALLEL,0.38,0.65,1.53,1.08,0.99,1.06,1.2,1,1.2,1,20,20,20,0.35,0.5,0.4,79
PARALLEL,,,,,,,,,,,,,,,,,80
PARALLEL,,,,,,,,,,,,,,,,,81
