group_start 0
id_start 0
type 1
ambient 0.200000 0.200000 0.200000 1.00000
diffuse 0.500000 0.500000 0.500000 1.00000
specular 0.500000 0.500000 0.500000 0.500000
position -1.300521 0.782729 1.300067 0.00000
id_end 0
id_start 1
type 1
ambient 0.00000 0.00000 0.00000 1.00000
diffuse 1.00000 1.00000 1.00000 1.00000
specular 1.00000 1.00000 1.00000 1.00000
position -0.594598 0.392729 0.701582 0.00000
id_end 1
id_start 2
type 0
ambient 0.00000 0.00000 0.00000 1.00000
diffuse 0.00000 0.00000 0.00000 1.00000
specular 0.00000 0.00000 0.00000 1.00000
position 0.00000 1.00000 0.00000 0.00000
id_end 2
id_start 3
type 0
ambient 0.00000 0.00000 0.00000 1.00000
diffuse 0.00000 0.00000 0.00000 1.00000
specular 0.00000 0.00000 0.00000 1.00000
position 0.00000 1.00000 0.00000 0.00000
clipplane 1 1 1 1
id_end 3
id_start 4
type 1
ambient 0.00000 0.00000 0.00000 1.00000
diffuse 0.00000 0.00000 0.00000 0.00000
specular 0.00000 0.00000 0.00000 0.00000
position 0.00000 0.00000 1.00000 0.00000
id_end 4
id_start 5
type 0
ambient 0.00000 0.00000 0.00000 1.00000
diffuse 0.00000 0.00000 0.00000 0.00000
specular 0.00000 0.00000 0.00000 0.00000
position 0.00000 0.00000 1.00000 0.00000
id_end 5
id_start 6
type 0
ambient 0.00000 0.00000 0.00000 1.00000
diffuse 0.00000 0.00000 0.00000 0.00000
specular 0.00000 0.00000 0.00000 0.00000
position 0.00000 0.00000 1.00000 0.00000
tonecurve 0.00000 0.00000 0.00000
id_end 6
id_start 7
type 0
ambient 0.00000 0.00000 0.00000 1.00000
diffuse 0.00000 0.00000 0.00000 0.00000
specular 0.00000 0.00000 0.00000 0.00000
position 0.00000 0.00000 1.00000 0.00000
id_end 7
group_end 0
EOF
