group_start 0
id_start 0
type 1
ambient 0.000000 0.000000 0.000000 1.00000
diffuse 0.900000 1.10000 1.30000 1.00000
specular 1.10000 1.10000 1.10000 1.00000
position 0.289755 0.479707 0.828205 0.000000
id_end 0
id_start 1
type 1
ambient 0.000000 0.000000 0.000000 1.00000
diffuse 1.00000 1.00000 1.10000 1.00000
specular 0.600000 0.580000 0.450000 1.00000
position 2.00000e-006 1.00000 2.00000e-006 0.000000
id_end 1
id_start 2
type 0
ambient 0.000000 0.000000 0.000000 1.00000
diffuse 0.000000 0.000000 0.000000 1.00000
specular 0.000000 0.000000 0.000000 1.00000
position 0.000000 1.00000 0.000000 0.000000
id_end 2
id_start 3
type 0
ambient 0.000000 0.000000 0.000000 1.00000
diffuse 0.000000 0.000000 0.000000 1.00000
specular 0.000000 0.000000 0.000000 1.00000
position 0.000000 1.00000 0.000000 0.000000
id_end 3
id_start 4
type 0
ambient 0.000000 0.000000 0.000000 1.00000
diffuse 0.000000 0.000000 0.000000 0.000000
specular 0.000000 0.000000 0.000000 0.000000
position 0.000000 0.000000 1.00000 0.000000
id_end 4
id_start 5
type 0
ambient 0.000000 0.000000 0.000000 1.00000
diffuse 0.198652 0.600000 1.00000 1.00000
specular 0.000000 0.000000 0.000000 0.000000
position 0.000000 0.000000 1.00000 0.000000
spot_direction 0.000000 1.00000 0.000000
spot_exponent 1.00000
spot_cutoff 45.0000
attenuation 1.00000 0.000000 0.000000
id_end 5
id_start 6
type 0
ambient 0.000000 0.000000 0.000000 1.00000
diffuse 0.000000 0.000000 0.000000 0.000000
specular 0.000000 0.000000 0.000000 0.000000
position 0.000000 0.000000 1.00000 0.000000
id_end 6
id_start 7
type 0
ambient 0.000000 0.000000 0.000000 1.00000
diffuse 0.000000 0.000000 0.000000 0.000000
specular 0.000000 0.000000 0.000000 0.000000
position 0.000000 0.000000 1.00000 0.000000
id_end 7
group_end 0
EOF
